1.04405628366964831 0.57118785627323809 0.40934034453874618 0.26979289638045117 0.22172154563394980 0.13121115143951409 0.09126378232162975 0.06611641839971882 0.05768174017525620 0.03467468956934475
7.80609121806384021 0.83304463350904101 0.64452970589287006 0.28920359412917102 0.20178610674284825 0.10972363983160439 0.06929933688751218 0.03835302154602770 0.02395049167335364 0.01445556176795843
0.54658925695784755 0.23482844973688943 0.12066880181079598 0.09668086418766546 0.05288310663614060 0.02041843230294623 0.01134201799562617 0.00590557361014815 0.00465154929923704 0.00199796955527732
0.22032540584777982 0.12034663476606391 0.06072402629222928 0.02899466407087496 0.01930815016181171 0.00972728484852417 0.00554389502991258 0.00302257240201324 0.00110984606554296 0.00110012014423912
0.04865454144023002 0.03191290609920937 0.01635201361582570 0.00688565404302157 0.00276195960571918 0.00183196383541850 0.00099511077121117 0.00057253333108299 0.00034177508191294 0.00029510304188460
0.96808658111413903 0.49921414116951252 0.35220339734537032 0.30333275139484239 0.22125488912860825 0.14948408524862739 0.10675084657406438 0.05143417157334578 0.05237924680668462 0.02891160327128606
2.80362923570907663 0.22803829003809714 0.12394935227066460 0.08137674302460016 0.05028404179882517 0.02941521959553507 0.01499267077484621 0.00899724505655927 0.00420899766974983 0.00347914321816600
0.29451471962710102 0.12105362355391028 0.05285912545090803 0.03282350105869512 0.01739929301664982 0.01359648255275896 0.00557149153335445 0.00323072214906291 0.00145782057602187 0.00071843755996676
0.20342469637092586 0.10024598858449783 0.04946740175877173 0.03008403520005581 0.01829229565361748 0.01046731161373296 0.00510117380060357 0.00232785415783472 0.00146494565895439 0.00085240109874727
0.05737658495323295 0.02282768102069407 0.00759053498833590 0.00407527351785328 0.00293854140997576 0.00133121743964207 0.00054947248861665 0.00034248377365459 0.00012879525509082 0.00006109131269926
